2 0 5 5 2 1 0 0 2 1 4 5 2 1 9 0 2 0 5 5 2 1 0 0 2 1 4 5 2 1 9 0 2 0 5 5 2 1 0 0 2 1 4 5 2 1 9 0 2 0 5 5 2 1 0 0 2 1 4 5 2 1 9 0 2 0 5 5 2 1 0 0 2 1 4 5 2 1 9 0
5 4 4 5 5 5 8 0 5 7 1 5 5 8 5 0 5 4 4 5 5 5 8 0 5 7 1 5 5 8 5 0 5 4 4 5 5 5 8 0 5 7 1 5 5 8 5 0 5 4 4 5 5 5 8 0 5 7 1 5 5 8 5 0 5 4 4 5 5 5 8 0 5 7 1 5 5 8 5 0
8 8 3 5 9 0 6 0 9 2 8 5 9 5 1 0 8 8 3 5 9 0 6 0 9 2 8 5 9 5 1 0 8 8 3 5 9 0 6 0 9 2 8 5 9 5 1 0 8 8 3 5 9 0 6 0 9 2 8 5 9 5 1 0 8 8 3 5 9 0 6 0 9 2 8 5 9 5 1 0
1 2 2 2 5 1 2 5 4 0 1 2 8 5 5 1 1 2 2 2 5 1 2 5 4 0 1 2 8 5 5 1 1 2 2 2 5 1 2 5 4 0 1 2 8 5 5 1 1 2 2 2 5 1 2 5 4 0 1 2 8 5 5 1 1 2 2 2 5 1 2 5 4 0 1 2 8 5 5 1
1 5 6 1 5 1 6 0 2 0 1 6 4 2 5 1 1 5 6 1 5 1 6 0 2 0 1 6 4 2 5 1 1 5 6 1 5 1 6 0 2 0 1 6 4 2 5 1 1 5 6 1 5 1 6 0 2 0 1 6 4 2 5 1 1 5 6 1 5 1 6 0 2 0 1 6 4 2 5 1
1 9 0 0 5 1 9 5 0 0 1 9 9 9 5 2 1 9 0 0 5 1 9 5 0 0 1 9 9 9 5 2 1 9 0 0 5 1 9 5 0 0 1 9 9 9 5 2 1 9 0 0 5 1 9 5 0 0 1 9 9 9 5 2 1 9 0 0 5 1 9 5 0 0 1 9 9 9 5 2
2 2 3 9 5 2 2 9 8 0 2 3 5 6 5 2 2 2 3 9 5 2 2 9 8 0 2 3 5 6 5 2 2 2 3 9 5 2 2 9 8 0 2 3 5 6 5 2 2 2 3 9 5 2 2 9 8 0 2 3 5 6 5 2 2 2 3 9 5 2 2 9 8 0 2 3 5 6 5 2
2 5 7 8 5 2 6 4 6 0 2 7 1 3 5 2 2 5 7 8 5 2 6 4 6 0 2 7 1 3 5 2 2 5 7 8 5 2 6 4 6 0 2 7 1 3 5 2 2 5 7 8 5 2 6 4 6 0 2 7 1 3 5 2 2 5 7 8 5 2 6 4 6 0 2 7 1 3 5 2
2 9 1 7 5 2 9 9 4 0 3 0 7 0 5 3 2 9 1 7 5 2 9 9 4 0 3 0 7 0 5 3 2 9 1 7 5 2 9 9 4 0 3 0 7 0 5 3 2 9 1 7 5 2 9 9 4 0 3 0 7 0 5 3 2 9 1 7 5 2 9 9 4 0 3 0 7 0 5 3
2 4 1 5 2 2 8 0 2 3 2 5 2 0 5 5 2 4 1 5 2 2 8 0 2 3 2 5 2 0 5 5 2 4 1 5 2 2 8 0 2 3 2 5 2 0 5 5 2 4 1 5 2 2 8 0 2 3 2 5 2 0 5 5 2 4 1 5 2 2 8 0 2 3 2 5 2 0 5 5
6 5 2 5 6 1 2 0 6 2 5 5 5 4 4 5 6 5 2 5 6 1 2 0 6 2 5 5 5 4 4 5 6 5 2 5 6 1 2 0 6 2 5 5 5 4 4 5 6 5 2 5 6 1 2 0 6 2 5 5 5 4 4 5 6 5 2 5 6 1 2 0 6 2 5 5 5 4 4 5
1 0 6 3 5 9 9 6 0 1 0 1 8 5 8 8 1 0 6 3 5 9 9 6 0 1 0 1 8 5 8 8 1 0 6 3 5 9 9 6 0 1 0 1 8 5 8 8 1 0 6 3 5 9 9 6 0 1 0 1 8 5 8 8 1 0 6 3 5 9 9 6 0 1 0 1 8 5 8 8
3 1 7 0 1 4 7 4 5 1 3 8 0 0 1 4 3 1 7 0 1 4 7 4 5 1 3 8 0 0 1 4 3 1 7 0 1 4 7 4 5 1 3 8 0 0 1 4 3 1 7 0 1 4 7 4 5 1 3 8 0 0 1 4 3 1 7 0 1 4 7 4 5 1 3 8 0 0 1 4
6 8 3 0 1 8 8 5 5 1 7 6 4 0 1 8 6 8 3 0 1 8 8 5 5 1 7 6 4 0 1 8 6 8 3 0 1 8 8 5 5 1 7 6 4 0 1 8 6 8 3 0 1 8 8 5 5 1 7 6 4 0 1 8 6 8 3 0 1 8 8 5 5 1 7 6 4 0 1 8
0 4 9 0 2 2 9 6 5 2 1 4 8 0 2 1 0 4 9 0 2 2 9 6 5 2 1 4 8 0 2 1 0 4 9 0 2 2 9 6 5 2 1 4 8 0 2 1 0 4 9 0 2 2 9 6 5 2 1 4 8 0 2 1 0 4 9 0 2 2 9 6 5 2 1 4 8 0 2 1
4 1 5 0 2 7 0 7 5 2 5 3 2 0 2 5 4 1 5 0 2 7 0 7 5 2 5 3 2 0 2 5 4 1 5 0 2 7 0 7 5 2 5 3 2 0 2 5 4 1 5 0 2 7 0 7 5 2 5 3 2 0 2 5 4 1 5 0 2 7 0 7 5 2 5 3 2 0 2 5
2 0 5 5 2 1 0 0 2 1 4 5 2 1 9 0 2 0 5 5 2 1 0 0 2 1 4 5 2 1 9 0 2 0 5 5 2 1 0 0 2 1 4 5 2 1 9 0 2 0 5 5 2 1 0 0 2 1 4 5 2 1 9 0 2 0 5 5 2 1 0 0 2 1 4 5 2 1 9 0
5 4 4 5 5 5 8 0 5 7 1 5 5 8 5 0 5 4 4 5 5 5 8 0 5 7 1 5 5 8 5 0 5 4 4 5 5 5 8 0 5 7 1 5 5 8 5 0 5 4 4 5 5 5 8 0 5 7 1 5 5 8 5 0 5 4 4 5 5 5 8 0 5 7 1 5 5 8 5 0
8 8 3 5 9 0 6 0 9 2 8 5 9 5 1 0 8 8 3 5 9 0 6 0 9 2 8 5 9 5 1 0 8 8 3 5 9 0 6 0 9 2 8 5 9 5 1 0 8 8 3 5 9 0 6 0 9 2 8 5 9 5 1 0 8 8 3 5 9 0 6 0 9 2 8 5 9 5 1 0
1 2 2 2 5 1 2 5 4 0 1 2 8 5 5 1 1 2 2 2 5 1 2 5 4 0 1 2 8 5 5 1 1 2 2 2 5 1 2 5 4 0 1 2 8 5 5 1 1 2 2 2 5 1 2 5 4 0 1 2 8 5 5 1 1 2 2 2 5 1 2 5 4 0 1 2 8 5 5 1
1 5 6 1 5 1 6 0 2 0 1 6 4 2 5 1 1 5 6 1 5 1 6 0 2 0 1 6 4 2 5 1 1 5 6 1 5 1 6 0 2 0 1 6 4 2 5 1 1 5 6 1 5 1 6 0 2 0 1 6 4 2 5 1 1 5 6 1 5 1 6 0 2 0 1 6 4 2 5 1
1 9 0 0 5 1 9 5 0 0 1 9 9 9 5 2 1 9 0 0 5 1 9 5 0 0 1 9 9 9 5 2 1 9 0 0 5 1 9 5 0 0 1 9 9 9 5 2 1 9 0 0 5 1 9 5 0 0 1 9 9 9 5 2 1 9 0 0 5 1 9 5 0 0 1 9 9 9 5 2
2 2 3 9 5 2 2 9 8 0 2 3 5 6 5 2 2 2 3 9 5 2 2 9 8 0 2 3 5 6 5 2 2 2 3 9 5 2 2 9 8 0 2 3 5 6 5 2 2 2 3 9 5 2 2 9 8 0 2 3 5 6 5 2 2 2 3 9 5 2 2 9 8 0 2 3 5 6 5 2
2 5 7 8 5 2 6 4 6 0 2 7 1 3 5 2 2 5 7 8 5 2 6 4 6 0 2 7 1 3 5 2 2 5 7 8 5 2 6 4 6 0 2 7 1 3 5 2 2 5 7 8 5 2 6 4 6 0 2 7 1 3 5 2 2 5 7 8 5 2 6 4 6 0 2 7 1 3 5 2
2 9 1 7 5 2 9 9 4 0 3 0 7 0 5 3 2 9 1 7 5 2 9 9 4 0 3 0 7 0 5 3 2 9 1 7 5 2 9 9 4 0 3 0 7 0 5 3 2 9 1 7 5 2 9 9 4 0 3 0 7 0 5 3 2 9 1 7 5 2 9 9 4 0 3 0 7 0 5 3
2 4 1 5 2 2 8 0 2 3 2 5 2 0 5 5 2 4 1 5 2 2 8 0 2 3 2 5 2 0 5 5 2 4 1 5 2 2 8 0 2 3 2 5 2 0 5 5 2 4 1 5 2 2 8 0 2 3 2 5 2 0 5 5 2 4 1 5 2 2 8 0 2 3 2 5 2 0 5 5
6 5 2 5 6 1 2 0 6 2 5 5 5 4 4 5 6 5 2 5 6 1 2 0 6 2 5 5 5 4 4 5 6 5 2 5 6 1 2 0 6 2 5 5 5 4 4 5 6 5 2 5 6 1 2 0 6 2 5 5 5 4 4 5 6 5 2 5 6 1 2 0 6 2 5 5 5 4 4 5
1 0 6 3 5 9 9 6 0 1 0 1 8 5 8 8 1 0 6 3 5 9 9 6 0 1 0 1 8 5 8 8 1 0 6 3 5 9 9 6 0 1 0 1 8 5 8 8 1 0 6 3 5 9 9 6 0 1 0 1 8 5 8 8 1 0 6 3 5 9 9 6 0 1 0 1 8 5 8 8
3 1 7 0 1 4 7 4 5 1 3 8 0 0 1 4 3 1 7 0 1 4 7 4 5 1 3 8 0 0 1 4 3 1 7 0 1 4 7 4 5 1 3 8 0 0 1 4 3 1 7 0 1 4 7 4 5 1 3 8 0 0 1 4 3 1 7 0 1 4 7 4 5 1 3 8 0 0 1 4
6 8 3 0 1 8 8 5 5 1 7 6 4 0 1 8 6 8 3 0 1 8 8 5 5 1 7 6 4 0 1 8 6 8 3 0 1 8 8 5 5 1 7 6 4 0 1 8 6 8 3 0 1 8 8 5 5 1 7 6 4 0 1 8 6 8 3 0 1 8 8 5 5 1 7 6 4 0 1 8
0 4 9 0 2 2 9 6 5 2 1 4 8 0 2 1 0 4 9 0 2 2 9 6 5 2 1 4 8 0 2 1 0 4 9 0 2 2 9 6 5 2 1 4 8 0 2 1 0 4 9 0 2 2 9 6 5 2 1 4 8 0 2 1 0 4 9 0 2 2 9 6 5 2 1 4 8 0 2 1
4 1 5 0 2 7 0 7 5 2 5 3 2 0 2 5 4 1 5 0 2 7 0 7 5 2 5 3 2 0 2 5 4 1 5 0 2 7 0 7 5 2 5 3 2 0 2 5 4 1 5 0 2 7 0 7 5 2 5 3 2 0 2 5 4 1 5 0 2 7 0 7 5 2 5 3 2 0 2 5
2 0 5 5 2 1 0 0 2 1 4 5 2 1 9 0 2 0 5 5 2 1 0 0 2 1 4 5 2 1 9 0 2 0 5 5 2 1 0 0 2 1 4 5 2 1 9 0 2 0 5 5 2 1 0 0 2 1 4 5 2 1 9 0 2 0 5 5 2 1 0 0 2 1 4 5 2 1 9 0
5 4 4 5 5 5 8 0 5 7 1 5 5 8 5 0 5 4 4 5 5 5 8 0 5 7 1 5 5 8 5 0 5 4 4 5 5 5 8 0 5 7 1 5 5 8 5 0 5 4 4 5 5 5 8 0 5 7 1 5 5 8 5 0 5 4 4 5 5 5 8 0 5 7 1 5 5 8 5 0
8 8 3 5 9 0 6 0 9 2 8 5 9 5 1 0 8 8 3 5 9 0 6 0 9 2 8 5 9 5 1 0 8 8 3 5 9 0 6 0 9 2 8 5 9 5 1 0 8 8 3 5 9 0 6 0 9 2 8 5 9 5 1 0 8 8 3 5 9 0 6 0 9 2 8 5 9 5 1 0
1 2 2 2 5 1 2 5 4 0 1 2 8 5 5 1 1 2 2 2 5 1 2 5 4 0 1 2 8 5 5 1 1 2 2 2 5 1 2 5 4 0 1 2 8 5 5 1 1 2 2 2 5 1 2 5 4 0 1 2 8 5 5 1 1 2 2 2 5 1 2 5 4 0 1 2 8 5 5 1
1 5 6 1 5 1 6 0 2 0 1 6 4 2 5 1 1 5 6 1 5 1 6 0 2 0 1 6 4 2 5 1 1 5 6 1 5 1 6 0 2 0 1 6 4 2 5 1 1 5 6 1 5 1 6 0 2 0 1 6 4 2 5 1 1 5 6 1 5 1 6 0 2 0 1 6 4 2 5 1
1 9 0 0 5 1 9 5 0 0 1 9 9 9 5 2 1 9 0 0 5 1 9 5 0 0 1 9 9 9 5 2 1 9 0 0 5 1 9 5 0 0 1 9 9 9 5 2 1 9 0 0 5 1 9 5 0 0 1 9 9 9 5 2 1 9 0 0 5 1 9 5 0 0 1 9 9 9 5 2
2 2 3 9 5 2 2 9 8 0 2 3 5 6 5 2 2 2 3 9 5 2 2 9 8 0 2 3 5 6 5 2 2 2 3 9 5 2 2 9 8 0 2 3 5 6 5 2 2 2 3 9 5 2 2 9 8 0 2 3 5 6 5 2 2 2 3 9 5 2 2 9 8 0 2 3 5 6 5 2
2 5 7 8 5 2 6 4 6 0 2 7 1 3 5 2 2 5 7 8 5 2 6 4 6 0 2 7 1 3 5 2 2 5 7 8 5 2 6 4 6 0 2 7 1 3 5 2 2 5 7 8 5 2 6 4 6 0 2 7 1 3 5 2 2 5 7 8 5 2 6 4 6 0 2 7 1 3 5 2
2 9 1 7 5 2 9 9 4 0 3 0 7 0 5 3 2 9 1 7 5 2 9 9 4 0 3 0 7 0 5 3 2 9 1 7 5 2 9 9 4 0 3 0 7 0 5 3 2 9 1 7 5 2 9 9 4 0 3 0 7 0 5 3 2 9 1 7 5 2 9 9 4 0 3 0 7 0 5 3
2 4 1 5 2 2 8 0 2 3 2 5 2 0 5 5 2 4 1 5 2 2 8 0 2 3 2 5 2 0 5 5 2 4 1 5 2 2 8 0 2 3 2 5 2 0 5 5 2 4 1 5 2 2 8 0 2 3 2 5 2 0 5 5 2 4 1 5 2 2 8 0 2 3 2 5 2 0 5 5
6 5 2 5 6 1 2 0 6 2 5 5 5 4 4 5 6 5 2 5 6 1 2 0 6 2 5 5 5 4 4 5 6 5 2 5 6 1 2 0 6 2 5 5 5 4 4 5 6 5 2 5 6 1 2 0 6 2 5 5 5 4 4 5 6 5 2 5 6 1 2 0 6 2 5 5 5 4 4 5
1 0 6 3 5 9 9 6 0 1 0 1 8 5 8 8 1 0 6 3 5 9 9 6 0 1 0 1 8 5 8 8 1 0 6 3 5 9 9 6 0 1 0 1 8 5 8 8 1 0 6 3 5 9 9 6 0 1 0 1 8 5 8 8 1 0 6 3 5 9 9 6 0 1 0 1 8 5 8 8
3 1 7 0 1 4 7 4 5 1 3 8 0 0 1 4 3 1 7 0 1 4 7 4 5 1 3 8 0 0 1 4 3 1 7 0 1 4 7 4 5 1 3 8 0 0 1 4 3 1 7 0 1 4 7 4 5 1 3 8 0 0 1 4 3 1 7 0 1 4 7 4 5 1 3 8 0 0 1 4
6 8 3 0 1 8 8 5 5 1 7 6 4 0 1 8 6 8 3 0 1 8 8 5 5 1 7 6 4 0 1 8 6 8 3 0 1 8 8 5 5 1 7 6 4 0 1 8 6 8 3 0 1 8 8 5 5 1 7 6 4 0 1 8 6 8 3 0 1 8 8 5 5 1 7 6 4 0 1 8
0 4 9 0 2 2 9 6 5 2 1 4 8 0 2 1 0 4 9 0 2 2 9 6 5 2 1 4 8 0 2 1 0 4 9 0 2 2 9 6 5 2 1 4 8 0 2 1 0 4 9 0 2 2 9 6 5 2 1 4 8 0 2 1 0 4 9 0 2 2 9 6 5 2 1 4 8 0 2 1
4 1 5 0 2 7 0 7 5 2 5 3 2 0 2 5 4 1 5 0 2 7 0 7 5 2 5 3 2 0 2 5 4 1 5 0 2 7 0 7 5 2 5 3 2 0 2 5 4 1 5 0 2 7 0 7 5 2 5 3 2 0 2 5 4 1 5 0 2 7 0 7 5 2 5 3 2 0 2 5
2 0 5 5 2 1 0 0 2 1 4 5 2 1 9 0 2 0 5 5 2 1 0 0 2 1 4 5 2 1 9 0 2 0 5 5 2 1 0 0 2 1 4 5 2 1 9 0 2 0 5 5 2 1 0 0 2 1 4 5 2 1 9 0 2 0 5 5 2 1 0 0 2 1 4 5 2 1 9 0
5 4 4 5 5 5 8 0 5 7 1 5 5 8 5 0 5 4 4 5 5 5 8 0 5 7 1 5 5 8 5 0 5 4 4 5 5 5 8 0 5 7 1 5 5 8 5 0 5 4 4 5 5 5 8 0 5 7 1 5 5 8 5 0 5 4 4 5 5 5 8 0 5 7 1 5 5 8 5 0
8 8 3 5 9 0 6 0 9 2 8 5 9 5 1 0 8 8 3 5 9 0 6 0 9 2 8 5 9 5 1 0 8 8 3 5 9 0 6 0 9 2 8 5 9 5 1 0 8 8 3 5 9 0 6 0 9 2 8 5 9 5 1 0 8 8 3 5 9 0 6 0 9 2 8 5 9 5 1 0
1 2 2 2 5 1 2 5 4 0 1 2 8 5 5 1 1 2 2 2 5 1 2 5 4 0 1 2 8 5 5 1 1 2 2 2 5 1 2 5 4 0 1 2 8 5 5 1 1 2 2 2 5 1 2 5 4 0 1 2 8 5 5 1 1 2 2 2 5 1 2 5 4 0 1 2 8 5 5 1
1 5 6 1 5 1 6 0 2 0 1 6 4 2 5 1 1 5 6 1 5 1 6 0 2 0 1 6 4 2 5 1 1 5 6 1 5 1 6 0 2 0 1 6 4 2 5 1 1 5 6 1 5 1 6 0 2 0 1 6 4 2 5 1 1 5 6 1 5 1 6 0 2 0 1 6 4 2 5 1
1 9 0 0 5 1 9 5 0 0 1 9 9 9 5 2 1 9 0 0 5 1 9 5 0 0 1 9 9 9 5 2 1 9 0 0 5 1 9 5 0 0 1 9 9 9 5 2 1 9 0 0 5 1 9 5 0 0 1 9 9 9 5 2 1 9 0 0 5 1 9 5 0 0 1 9 9 9 5 2
2 2 3 9 5 2 2 9 8 0 2 3 5 6 5 2 2 2 3 9 5 2 2 9 8 0 2 3 5 6 5 2 2 2 3 9 5 2 2 9 8 0 2 3 5 6 5 2 2 2 3 9 5 2 2 9 8 0 2 3 5 6 5 2 2 2 3 9 5 2 2 9 8 0 2 3 5 6 5 2
2 5 7 8 5 2 6 4 6 0 2 7 1 3 5 2 2 5 7 8 5 2 6 4 6 0 2 7 1 3 5 2 2 5 7 8 5 2 6 4 6 0 2 7 1 3 5 2 2 5 7 8 5 2 6 4 6 0 2 7 1 3 5 2 2 5 7 8 5 2 6 4 6 0 2 7 1 3 5 2
2 9 1 7 5 2 9 9 4 0 3 0 7 0 5 3 2 9 1 7 5 2 9 9 4 0 3 0 7 0 5 3 2 9 1 7 5 2 9 9 4 0 3 0 7 0 5 3 2 9 1 7 5 2 9 9 4 0 3 0 7 0 5 3 2 9 1 7 5 2 9 9 4 0 3 0 7 0 5 3
2 4 1 5 2 2 8 0 2 3 2 5 2 0 5 5 2 4 1 5 2 2 8 0 2 3 2 5 2 0 5 5 2 4 1 5 2 2 8 0 2 3 2 5 2 0 5 5 2 4 1 5 2 2 8 0 2 3 2 5 2 0 5 5 2 4 1 5 2 2 8 0 2 3 2 5 2 0 5 5
6 5 2 5 6 1 2 0 6 2 5 5 5 4 4 5 6 5 2 5 6 1 2 0 6 2 5 5 5 4 4 5 6 5 2 5 6 1 2 0 6 2 5 5 5 4 4 5 6 5 2 5 6 1 2 0 6 2 5 5 5 4 4 5 6 5 2 5 6 1 2 0 6 2 5 5 5 4 4 5
1 0 6 3 5 9 9 6 0 1 0 1 8 5 8 8 1 0 6 3 5 9 9 6 0 1 0 1 8 5 8 8 1 0 6 3 5 9 9 6 0 1 0 1 8 5 8 8 1 0 6 3 5 9 9 6 0 1 0 1 8 5 8 8 1 0 6 3 5 9 9 6 0 1 0 1 8 5 8 8
3 1 7 0 1 4 7 4 5 1 3 8 0 0 1 4 3 1 7 0 1 4 7 4 5 1 3 8 0 0 1 4 3 1 7 0 1 4 7 4 5 1 3 8 0 0 1 4 3 1 7 0 1 4 7 4 5 1 3 8 0 0 1 4 3 1 7 0 1 4 7 4 5 1 3 8 0 0 1 4
6 8 3 0 1 8 8 5 5 1 7 6 4 0 1 8 6 8 3 0 1 8 8 5 5 1 7 6 4 0 1 8 6 8 3 0 1 8 8 5 5 1 7 6 4 0 1 8 6 8 3 0 1 8 8 5 5 1 7 6 4 0 1 8 6 8 3 0 1 8 8 5 5 1 7 6 4 0 1 8
0 4 9 0 2 2 9 6 5 2 1 4 8 0 2 1 0 4 9 0 2 2 9 6 5 2 1 4 8 0 2 1 0 4 9 0 2 2 9 6 5 2 1 4 8 0 2 1 0 4 9 0 2 2 9 6 5 2 1 4 8 0 2 1 0 4 9 0 2 2 9 6 5 2 1 4 8 0 2 1
4 1 5 0 2 7 0 7 5 2 5 3 2 0 2 5 4 1 5 0 2 7 0 7 5 2 5 3 2 0 2 5 4 1 5 0 2 7 0 7 5 2 5 3 2 0 2 5 4 1 5 0 2 7 0 7 5 2 5 3 2 0 2 5 4 1 5 0 2 7 0 7 5 2 5 3 2 0 2 5
2 0 5 5 2 1 0 0 2 1 4 5 2 1 9 0 2 0 5 5 2 1 0 0 2 1 4 5 2 1 9 0 2 0 5 5 2 1 0 0 2 1 4 5 2 1 9 0 2 0 5 5 2 1 0 0 2 1 4 5 2 1 9 0 2 0 5 5 2 1 0 0 2 1 4 5 2 1 9 0
5 4 4 5 5 5 8 0 5 7 1 5 5 8 5 0 5 4 4 5 5 5 8 0 5 7 1 5 5 8 5 0 5 4 4 5 5 5 8 0 5 7 1 5 5 8 5 0 5 4 4 5 5 5 8 0 5 7 1 5 5 8 5 0 5 4 4 5 5 5 8 0 5 7 1 5 5 8 5 0
8 8 3 5 9 0 6 0 9 2 8 5 9 5 1 0 8 8 3 5 9 0 6 0 9 2 8 5 9 5 1 0 8 8 3 5 9 0 6 0 9 2 8 5 9 5 1 0 8 8 3 5 9 0 6 0 9 2 8 5 9 5 1 0 8 8 3 5 9 0 6 0 9 2 8 5 9 5 1 0
1 2 2 2 5 1 2 5 4 0 1 2 8 5 5 1 1 2 2 2 5 1 2 5 4 0 1 2 8 5 5 1 1 2 2 2 5 1 2 5 4 0 1 2 8 5 5 1 1 2 2 2 5 1 2 5 4 0 1 2 8 5 5 1 1 2 2 2 5 1 2 5 4 0 1 2 8 5 5 1
1 5 6 1 5 1 6 0 2 0 1 6 4 2 5 1 1 5 6 1 5 1 6 0 2 0 1 6 4 2 5 1 1 5 6 1 5 1 6 0 2 0 1 6 4 2 5 1 1 5 6 1 5 1 6 0 2 0 1 6 4 2 5 1 1 5 6 1 5 1 6 0 2 0 1 6 4 2 5 1
1 9 0 0 5 1 9 5 0 0 1 9 9 9 5 2 1 9 0 0 5 1 9 5 0 0 1 9 9 9 5 2 1 9 0 0 5 1 9 5 0 0 1 9 9 9 5 2 1 9 0 0 5 1 9 5 0 0 1 9 9 9 5 2 1 9 0 0 5 1 9 5 0 0 1 9 9 9 5 2
2 2 3 9 5 2 2 9 8 0 2 3 5 6 5 2 2 2 3 9 5 2 2 9 8 0 2 3 5 6 5 2 2 2 3 9 5 2 2 9 8 0 2 3 5 6 5 2 2 2 3 9 5 2 2 9 8 0 2 3 5 6 5 2 2 2 3 9 5 2 2 9 8 0 2 3 5 6 5 2
2 5 7 8 5 2 6 4 6 0 2 7 1 3 5 2 2 5 7 8 5 2 6 4 6 0 2 7 1 3 5 2 2 5 7 8 5 2 6 4 6 0 2 7 1 3 5 2 2 5 7 8 5 2 6 4 6 0 2 7 1 3 5 2 2 5 7 8 5 2 6 4 6 0 2 7 1 3 5 2
2 9 1 7 5 2 9 9 4 0 3 0 7 0 5 3 2 9 1 7 5 2 9 9 4 0 3 0 7 0 5 3 2 9 1 7 5 2 9 9 4 0 3 0 7 0 5 3 2 9 1 7 5 2 9 9 4 0 3 0 7 0 5 3 2 9 1 7 5 2 9 9 4 0 3 0 7 0 5 3
2 4 1 5 2 2 8 0 2 3 2 5 2 0 5 5 2 4 1 5 2 2 8 0 2 3 2 5 2 0 5 5 2 4 1 5 2 2 8 0 2 3 2 5 2 0 5 5 2 4 1 5 2 2 8 0 2 3 2 5 2 0 5 5 2 4 1 5 2 2 8 0 2 3 2 5 2 0 5 5
6 5 2 5 6 1 2 0 6 2 5 5 5 4 4 5 6 5 2 5 6 1 2 0 6 2 5 5 5 4 4 5 6 5 2 5 6 1 2 0 6 2 5 5 5 4 4 5 6 5 2 5 6 1 2 0 6 2 5 5 5 4 4 5 6 5 2 5 6 1 2 0 6 2 5 5 5 4 4 5
1 0 6 3 5 9 9 6 0 1 0 1 8 5 8 8 1 0 6 3 5 9 9 6 0 1 0 1 8 5 8 8 1 0 6 3 5 9 9 6 0 1 0 1 8 5 8 8 1 0 6 3 5 9 9 6 0 1 0 1 8 5 8 8 1 0 6 3 5 9 9 6 0 1 0 1 8 5 8 8
3 1 7 0 1 4 7 4 5 1 3 8 0 0 1 4 3 1 7 0 1 4 7 4 5 1 3 8 0 0 1 4 3 1 7 0 1 4 7 4 5 1 3 8 0 0 1 4 3 1 7 0 1 4 7 4 5 1 3 8 0 0 1 4 3 1 7 0 1 4 7 4 5 1 3 8 0 0 1 4
6 8 3 0 1 8 8 5 5 1 7 6 4 0 1 8 6 8 3 0 1 8 8 5 5 1 7 6 4 0 1 8 6 8 3 0 1 8 8 5 5 1 7 6 4 0 1 8 6 8 3 0 1 8 8 5 5 1 7 6 4 0 1 8 6 8 3 0 1 8 8 5 5 1 7 6 4 0 1 8
0 4 9 0 2 2 9 6 5 2 1 4 8 0 2 1 0 4 9 0 2 2 9 6 5 2 1 4 8 0 2 1 0 4 9 0 2 2 9 6 5 2 1 4 8 0 2 1 0 4 9 0 2 2 9 6 5 2 1 4 8 0 2 1 0 4 9 0 2 2 9 6 5 2 1 4 8 0 2 1
4 1 5 0 2 7 0 7 5 2 5 3 2 0 2 5 4 1 5 0 2 7 0 7 5 2 5 3 2 0 2 5 4 1 5 0 2 7 0 7 5 2 5 3 2 0 2 5 4 1 5 0 2 7 0 7 5 2 5 3 2 0 2 5 4 1 5 0 2 7 0 7 5 2 5 3 2 0 2 5
